16016
16008
16003
16000
15999
15998
15997
15992
15991
15987
15986
15985
15983
15981
15980
15979
15969
15967
15953
15952
15933
15931
15927
15921
15911
15908
15907
15905
15904
15895
15887
15878
15874
15865
15863
15862
15861
15860
15859
15858
15857
15856
15855
15838
15835
15834
15833
15826
15819
15812
15811
15780
15767
15764
15762
15759
15758
15756
15752
15748
15743
15738
15736
15735
15734
15731
15727
15722
15720
15715
15709
15707
15696
15680
15679
15676
15671
15670
15668
15667
15666
15665
15663
15657
15651
15642
15641
15640
15631
15630
15628
15627
15626
15622
15620
15617
15615
15610
15589
15580
15578
15576
15575
15564
15559
15556
15550
15549
15536
15535
15529
15528
15519
15517
15513
15506
15505
15504
15496
15492
15489
15483
15480
15478
15472
15467
15455
15448
15447
15439
15438
15437
15436
15435
15432
15425
15422
15421
15420
15398
15397
15391
15381
15380
15379
15376
15372
15368
15367
15365
15364
15363
15362
15360
15359
15358
15357
15356
15309
15308
15303
15301
15228
15225
15221
15204
15200
15198
15188
15181
15179
15176
15163
15156
15153
15142
15131
15129
15120
15119
15110
15105
15104
15103
15082
15080
15077
15074
15071
15070
15068
15067
15063
15061
15056
15029
15028
15018
15015
15014
14999
14998
14996
14986
14961
14951
14950
14948
14947
14941
14940
14932
14929
14928
14927
14926
14925
14923
14918
14917
14913
14911
14910
14908
14906
14904
14890
14847
14846
14844
14839
14838
14837
14836
14835
14825
14823
14665
14664
14653
14648
14642
14641
14640
14639
14623
14618
14613
14612
14603
14601
14594
14578
14577
14575
14568
14558
14557
14556
14554
14545
14539
14537
14536
14535
14526
14525
14523
14521
14520
14518
14494
14491
14476
14474
14473
14471
14470
14456
14455
14453
14449
14448
14447
14446
14444
14443
14440
14439
14438
14437
14434
14433
14432
14429
14428
14426
14424
14422
14421
14419
14416
14405
14401
14366
14365
14352
14349
14347
14342
14332
14321
14315
14311
14306
14283
14278
14276
14263
14259
14242
14236
14235
14233
14230
14216
14183
14178
14149
14137
14135
14134
14133
14129
14128
14122
14102
14100
14089
14081
14080
14066
14043
14042
14034
14025
14023
14022
14021
14000
13998
13991
13986
13982
13952
13951
13948
13946
13937
13933
13919
13912
13900
13896
13894
13893
13885
13882
13881
13877
13868
13867
13856
13855
13849
13848
13836
13834
13833
13818
13815
13814
13806
13805
13802
13801
13795
13794
13791
13788
13787
13785
13784
13783
13782
13781
13780
13775
13774
13770
13769
13767
13762
13761
13759
13735
13734
13733
13732
13727
13723
13720
13719
13716
13715
13713
13709
13702
13701
13700
13694
13693
13692
13691
13690
13687
13686
13685
13684
13683
13682
13681
13680
13673
13669
13668
13667
13666
13665
13618
13617
13616
13615
13587
13581
13574
13570
13569
13555
13552
13548
13541
13538
13531
13527
13522
13511
13510
13506
13504
13502
13497
13482
13481
13472
13469
13464
13459
13457
13456
13455
13441
13439
13431
13428
13421
13418
13414
13408
13393
13390
13387
13365
13364
13363
13362
13361
13360
13359
13354
13353
13352
13351
13350
13340
13338
13337
13325
13311
13310
13308
13305
13302
13301
13297
13296
13271
13270
13265
13264
13263
13262
13261
13260
13258
13254
13248
13247
13246
13245
13244
13240
13237
13225
13221
13220
13207
13205
13204
13197
13196
13194
13193
13192
13191
13190
13189
13185
13184
13183
13182
13181
13178
13177
13176
13174
13169
13165
13161
13160
13157
13156
13155
13154
13153
13152
13151
13149
13148
13136
13133
13132
13131
13130
13129
13128
13127
13126
13125
13124
13123
13122
13121
13119
13118
13117
13116
13115
13114
13113
13112
13111
13109
13108
13107
13106
13105
13104
13102
13101
13100
13099
13098
13097
13096
13095
13094
13093
13084
13071
13069
13068
13063
13062
13061
13060
13058
13051
13050
13044
13043
13041
13039
13038
13027
13026
13016
13015
12997
12992
12991
12986
12983
12977
12966
12965
12964
12962
12938
12934
12929
12927
12918
12914
12908
12899
12857
12852
12839
12838
12834
12647
12642
12640
12631
12628
12624
12591
12583
12580
12561
12559
12558
12556
12555
12554
12550
12548
12547
12546
12534
12533
12530
12529
12528
12524
12523
12522
12521
12519
12518
12514
12513
12511
12507
12506
12505
12496
12495
12494
12491
12490
12486
12467
12466
12465
12464
12463
12462
12461
12460
12459
12458
12457
12452
12451
12450
12444
12410
12375
12364
12346
12343
12340
12338
12298
12281
12277
12275
12260
12259
12258
12243
12237
12229
12228
12227
12226
12187
12186
12185
12179
12178
12176
12173
12171
12170
12164
12162
12153
12152
12148
12041
12040
12036
12035
12031
12030
12028
12027
12012
12011
12010
12009
12008
12001
11998
11992
11973
11957
11873
11871
11870
11857
11845
11843
11839
11836
11834
11832
11827
11826
11821
11819
11814
11812
11808
11807
11803
11802
11801
11796
11794
11788
11785
11781
11769
11767
11764
11756
11755
11754
11753
11752
11737
11735
11733
11731
11724
11723
11721
11717
11716
11710
11709
11706
11702
11701
11693
11692
11690
11681
11675
11673
11671
11669
11668
11667
11666
11665
11662
11661
11659
11655
11654
11641
11640
11639
11631
11620
11618
11613
11611
11609
11607
11604
11603
11601
11591
11589
11588
11585
11572
11571
11568
11567
11566
11564
11561
11427
11422
11421
11419
11413
11411
11405
11403
11397
11395
11394
11382
11381
11377
11376
11375
11370
11369
11365
11351
11350
11346
11345
11344
11339
11327
11320
11318
11312
11308
11307
11303
11301
11297
11289
11285
11284
11283
11282
11281
11280
11279
11278
11277
11276
11273
11271
11265
11264
11263
11261
11258
11257
11256
11252
11235
11205
11203
11202
11199
11198
11197
11186
11181
11170
11165
11164
11158
11152
11150
11147
11145
11140
11139
11131
11124
11123
11122
11120
11119
11118
11116
11112
11111
11109
11105
11103
11101
11099
11088
11080
11079
11078
11074
11071
11062
11056
11055
11050
11049
11048
11046
11043
11040
11021
11016
11013
11007
11006
10996
10986
10984
10979
10975
10966
10964
10961
10951
10941
10940
10939
10938
10937
10936
10935
10934
10933
10932
10931
10930
10929
10928
10927
10926
10925
10924
10917
10916
10915
10914
10913
10912
10911
10910
10909
10908
10907
10906
10905
10904
10903
10897
10896
10895
10893
10892
10891
10890
10889
10888
10887
10885
10879
10876
10875
10873
10871
10868
10867
10866
10865
10861
10860
10859
10858
10857
10856
10854
10853
10852
10851
10850
10849
10847
10846
10845
10844
10842
10834
10826
10825
10824
10823
10820
10816
10815
10814
10809
10808
10807
10806
10804
10801
10800
10798
10795
10794
10793
10792
10777
10776
10775
10774
10768
10767
10766
10765
10764
10763
10762
10761
10760
10759
10758
10703
10702
10699
10692
10691
10690
10689
10688
10687
10686
10684
10683
10682
10681
10680
10675
10663
10662
10656
10655
10651
10646
10645
10644
10641
10636
10635
10633
10632
10631
10630
10626
10605
10604
10602
10601
10588
10587
10584
10575
10571
10550
10540
10530
10519
10513
10512
10511
10510
10509
10508
10488
10473
10466
10456
10433
10418
10410
10401
10400
10399
10395
10373
10371
10370
10369
10327
10321
10320
10318
10312
10296
10282
10278
10277
10272
10269
10265
10260
10254
10253
10248
10247
10246
10242
10241
10240
10234
10229
10228
10226
10224
10211
10199
10198
10196
10188
10185
10179
10165
10163
10162
10160
10159
10155
10152
10137
10130
10129
10118
10116
10114
10109
10107
10106
10097
10087
10078
10077
10075
10074
10072
10063
10062
10061
10060
10059
10055
10054
10052
10049
10045
10043
10040
10039
10038
10026
10025
10021
10020
10019
10018
10017
9999
9995
9992
9991
9990
9988
9986
9985
9983
9975
9974
9972
9971
9969
9963
9956
9955
9954
9953
9952
9950
9949
9947
9946
9945
9944
9941
9938
9937
9936
9935
9934
9933
9932
9931
9930
9929
9928
9927
9926
9918
9914
9905
9893
9883
9877
9873
9867
9853
9852
9840
9837
9836
9825
9824
9821
9817
9816
9814
9806
9805
9804
9803
9801
9782
9772
9771
9770
9768
9758
9757
9756
9755
9754
9751
9743
9737
9734
9722
9719
9699
9686
9685
9680
9678
9677
9673
9670
9669
9668
9666
9660
9659
9654
9653
9652
9628
9627
9618
9617
9616
9611
9610
9609
9607
9605
9595
9588
9582
9578
9574
9560
9553
9552
9551
9539
9538
9536
9535
9519
9518
9517
9511
9510
9506
9496
9495
9494
9481
9478
9467
9466
9464
9463
9462
9461
9460
9459
9458
9457
9456
9455
9451
9439
9438
9435
9433
9429
9422
9416
9415
9414
9413
9412
9411
9410
9409
9408
9407
9406
9405
9404
9403
9398
9397
9395
9375
9372
9370
9369
9365
9364
9358
9356
9353
9351
9337
9336
9332
9322
9313
9311
9308
9300
9298
9296
9295
9294
9289
9288
9287
9279
9278
9270
9266
9264
9263
9257
9254
9248
9238
9231
9226
9225
9224
9223
9220
9218
9211
9210
9209
9207
9206
9204
9203
9202
9201
9200
9199
9192
9185
9183
9177
9175
9174
9172
9171
9170
9166
9156
9147
9146
9140
9138
9137
9136
9120
9119
9118
9114
9110
9105
9104
9098
9090
9089
9083
9082
9081
9080
9068
9054
9053
9028
9026
9025
9022
9021
9001
8999
8987
8984
8980
8973
8972
8967
8966
8924
8923
8915
8911
8887
8885
8884
8882
8881
8880
8877
8865
8864
8863
8862
8861
8860
8859
8858
8855
8845
8844
8833
8830
8829
8828
8824
8811
8809
8808
8807
8797
8795
8794
8790
8789
8771
8770
8769
8768
8767
8766
8765
8764
8763
8762
8761
8760
8759
8758
8757
8756
8755
8754
8753
8752
8751
8750
8749
8748
8747
8746
8745
8744
8743
8742
8741
8740
8738
8737
8736
8735
8734
8733
8732
8731
8730
8729
8728
8727
8726
8725
8724
8723
8722
8721
8720
8719
8718
8717
8716
8715
8714
8713
8712
8711
8710
8706
8705
8700
8692
8691
8690
8689
8686
8685
8684
8678
8675
8671
8669
8668
8664
8659
8656
8655
8654
8650
8648
8647
8645
8644
8639
8638
8635
8632
8631
8630
8628
8627
8608
8604
8600
8599
8598
8597
8586
8585
8582
8581
8580
8564
8559
8558
8557
8539
8538
8537
8536
8525
8513
8494
8493
8484
8467
8465
8464
8461
8460
8458
8457
8456
8453
8452
8451
8448
8439
8434
8433
8425
8424
8420
8417
8415
8414
8411
8410
8409
8408
8384
8383
8377
8372
8370
8366
8364
8363
8362
8361
8359
8358
8344
8334
8332
8331
8330
8328
8313
8310
8308
8307
8305
8304
8300
8295
8286
8278
8277
8275
8264
8263
8262
8258
8255
8251
8243
8241
8226
8217
8216
8209
8192
8185
8183
8181
8180
8177
8172
8170
8169
8167
8166
8165
8157
8154
8145
8143
8130
8128
8127
8113
8112
8111
8110
8109
8108
8107
8106
8105
8104
8103
8102
8101
8100
8099
8098
8097
8096
8095
8094
8093
8092
8091
8090
8089
8088
8087
8086
8085
8084
8083
8082
8081
8080
8075
8074
8066
8062
8061
8060
8059
8058
8057
8056
8055
8054
8053
8052
8051
8050
8049
8048
8047
8046
8045
8044
8043
8042
8041
8040
8039
8038
8037
8036
8035
8034
8033
8016
8013
8012
8011
8009
8008
8006
8005
8004
8002
7991
7986
7985
7984
7983
7982
7977
7975
7974
7971
7969
7966
7965
7964
7962
7961
7960
7959
7957
7953
7949
7942
7939
7937
7936
7932
7929
7926
7925
7923
7915
7914
7913
7912
7911
7910
7909
7907
7906
7905
7904
7903
7902
7901
7900
7899
7898
7897
7896
7895
7894
7892
7887
7885
7883
7882
7878
7875
7874
7868
7860
7858
7857
7856
7855
7850
7849
7847
7845
7844
7842
7841
7838
7837
7827
7818
7816
7812
7809
7807
7805
7804
7802
7801
7790
7788
7785
7782
7765
7753
7752
7748
7747
7746
7745
7744
7742
7741
7737
7736
7734
7732
7729
7728
7718
7685
7683
7682
7681
7680
7678
7674
7673
7670
7664
7660
7655
7645
7633
7632
7631
7630
7629
7626
7624
7622
7620
7611
7609
7598
7594
7591
7588
7586
7561
7546
7545
7540
7533
7532
7531
7530
7471
7463
7453
7447
7446
7445
7439
7438
7420
7418
7417
7414
7413
7412
7411
7410
7409
7408
7355
7354
7348
7347
7346
7344
7341
7340
7337
7336
7335
7334
7322
7321
7320
7319
7318
7309
7298
7293
7292
7291
7290
7289
7288
7287
7286
7268
7265
7264
7263
7262
7261
7260
7258
7257
7253
7251
7250
7249
7242
7240
7235
7234
7230
7229
7228
7227
7225
7222
7215
7213
7210
7209
7207
7198
7183
7182
7181
7180
7179
7171
7167
7129
7128
7123
7119
7118
7117
7115
7114
7113
7101
7100
7099
7098
7087
7086
7083
7082
7071
7069
7068
7066
7065
7063
7055
7048
7047
7046
7044
7043
7040
7038
7037
7035
7032
7031
7030
7028
7025
7023
7019
7014
7013
6993
6975
6972
6971
6969
6968
6966
6963
6962
6961
6958
6955
6943
6942
6938
6936
6932
6930
6926
6925
6913
6911
6910
6903
6902
6901
6900
6899
6879
6878
6867
6866
6862
6861
6860
6854
6853
6849
6842
6841
6836
6835
6832
6819
6818
6815
6813
6802
6800
6799
6787
6786
6785
6784
6778
6777
6773
6772
6770
6768
6766
6764
6762
6761
6760
6754
6753
6745
6743
6742
6741
6728
6722
6721
6718
6717
6716
6715
6714
6711
6708
6707
6703
6696
6694
6690
6689
6688
6687
6686
6685
6684
6683
6682
6680
6679
6678
6677
6668
6663
6662
6658
6657
6652
6651
6641
6638
6637
6634
6627
6621
6601
6600
6592
6590
6581
6579
6576
6568
6563
6547
6545
6544
6540
6537
6535
6534
6533
6532
6531
6528
6527
6526
6525
6523
6522
6521
6517
6511
6507
6506
6503
6496
6495
6494
6493
6482
6481
6476
6474
6472
6470
6455
6452
6450
6448
6446
6445
6444
6441
6432
6430
6428
6426
6419
6404
6398
6395
6394
6393
6391
6389
6375
6370
6367
6366
6365
6364
6363
6362
6354
6353
6352
6351
6350
6348
6346
6345
6344
6343
6342
6328
6327
6314
6313
6311
6310
6307
6306
6305
6303
6302
6301
6299
6298
6296
6295
6294
6289
6287
6281
6280
6277
6275
6269
6268
6267
6266
6265
6264
6262
6261
6260
6259
6257
6242
6241
6240
6239
6235
6231
6230
6229
6224
6223
6222
6221
6218
6217
6216
6215
6213
6211
6210
6209
6208
6207
6206
6205
6198
6197
6196
6193
6192
6191
6190
6187
6186
6185
6184
6183
6182
6176
6175
6174
6173
6172
6169
6168
6166
6165
6164
6163
6162
6161
6160
6157
6156
6155
6154
6153
6152
6151
6149
6144
6143
6142
6141
6140
6139
6138
6137
6136
6135
6134
6116
6115
6114
6113
6111
6110
6109
6108
6107
6106
6094
6093
6092
6091
6090
6089
6088
6087
6086
6085
6084
6083
6082
6081
6076
6073
6072
6069
6068
6067
6066
6065
6064
6063
6062
6061
6060
6059
6058
6057
6056
6055
6053
6052
6051
6050
6049
6048
6047
6046
6045
6044
6043
6042
6027
6026
6024
6023
6022
6019
6018
6017
6014
6009
6008
6007
6006
6005
6004
6003
6002
6001
6000
5999
5998
5997
5996
5994
5992
5991
5990
5989
5988
5987
5986
5985
5984
5983
5982
5981
5979
5977
5976
5961
5960
5958
5957
5955
5954
5951
5948
5946
5945
5944
5942
5940
5939
5938
5937
5936
5932
5931
5925
5922
5920
5919
5918
5917
5916
5909
5905
5904
5903
5902
5901
5900
5899
5897
5896
5895
5894
5892
5889
5888
5887
5886
5884
5883
5882
5880
5877
5876
5875
5874
5873
5868
5867
5866
5864
5862
5861
5859
5858
5852
5851
5850
5849
5848
5847
5846
5845
5844
5843
5841
5840
5839
5838
5837
5836
5833
5832
5829
5827
5826
5825
5823
5822
5820
5818
5816
5814
5813
5812
5810
5809
5808
5807
5806
5805
5804
5803
5800
5799
5798
5797
5796
5795
5794
5792
5791
5790
5789
5788
5784
5782
5780
5779
5778
5777
5776
5775
5774
5773
5772
5770
5769
5768
5767
5766
5765
5764
5763
5762
5761
5727
5726
5723
5718
5715
5714
5711
5706
5703
5702
5701
5700
5695
5683
5682
5680
5679
5678
5675
5674
5673
5666
5664
5663
5662
5661
5660
5655
5654
5653
5652
5651
5649
5648
5647
5646
5645
5642
5639
5638
5631
5630
5622
5618
5616
5615
5614
5612
5611
5610
5609
5608
5607
5606
5602
5601
5600
5599
5598
5597
5596
5595
5593
5592
5591
5590
5589
5588
5582
5579
5573
5572
5567
5566
5562
5560
5558
5557
5556
5553
5552
5551
5550
5549
5548
5547
5546
5545
5544
5543
5542
5541
5528
5527
5524
5523
5522
5521
5520
5519
5517
5516
5513
5509
5508
5507
5506
5504
5503
5502
5498
5492
5491
5490
5489
5487
5480
5479
5475
5469
5468
5467
5466
5464
5463
5462
5460
5458
5456
5455
5454
5432
5431
5429
5417
5416
5399
5394
5393
5392
5391
5387
5380
5379
5377
5376
5367
5366
5364
5360
5358
5357
5356
5355
5354
5353
5347
5346
5345
5344
5343
5342
5330
5320
5319
5318
5315
5307
5303
5300
5298
5296
5295
5293
5287
5285
5284
5283
5282
5281
5280
5276
5274
5273
5271
5268
5266
5265
5264
5260
5258
5257
5256
5253
5251
5239
5236
5235
5234
5233
5229
5228
5227
5225
5223
5221
5214
5213
5212
5208
5203
5200
5197
5195
5180
5172
5170
5165
5163
5156
5148
5146
5144
5136
5133
5124
5123
5121
5120
5110
5104
5090
5089
5087
5078
5077
5076
5074
5072
5071
5070
5063
5062
5061
5060
5059
5047
5046
5044
5040
5035
5033
5032
5029
5028
5025
5024
5023
5022
5020
5019
5017
5014
5011
5010
5009
5008
5007
5006
5003
5002
5001
5000
4999
4998
4993
4992
4988
4987
4985
4984
4983
4981
4980
4979
4978
4977
4976
4974
4973
4972
4965
4963
4959
4955
4954
4953
4952
4951
4950
4945
4944
4943
4939
4938
4932
4928
4927
4926
4920
4918
4917
4916
4915
4914
4906
4901
4899
4898
4897
4896
4895
4893
4889
4884
4883
4881
4880
4879
4877
4876
4868
4867
4866
4865
4861
4852
4846
4845
4844
4840
4839
4838
4837
4836
4831
4830
4829
4828
4823
4821
4818
4815
4812
4811
4808
4807
4802
4799
4797
4795
4792
4791
4790
4789
4788
4783
4782
4781
4773
4772
4771
4770
4767
4766
4765
4760
4755
4753
4752
4751
4750
4742
4741
4740
4732
4731
4729
4728
4722
4720
4716
4714
4713
4712
4711
4708
4704
4699
4697
4696
4694
4683
4681
4680
4679
4670
4668
4661
4659
4658
4657
4656
4652
4649
4645
4644
4643
4641
4640
4636
4635
4634
4633
4632
4628
4627
4626
4625
4623
4622
4621
4620
4619
4618
4617
4611
4610
4607
4604
4592
4589
4579
4578
4577
4576
4575
4574
4569
4567
4553
4552
4549
4548
4543
4542
4541
4538
4537
4536
4532
4526
4518
4517
4515
4514
4513
4508
4504
4503
4497
4496
4495
4494
4492
4486
4482
4481
4480
4479
4478
4477
4471
4470
4469
4467
4466
4464
4462
4458
4457
4456
4453
4452
4451
4447
4444
4441
4439
4438
4437
4436
4435
4426
4425
4423
4422
4421
4419
4416
4414
4413
4412
4411
4408
4406
4404
4402
4400
4398
4397
4394
4393
4392
4391
4390
4389
4388
4387
4386
4375
4370
4369
4368
4364
4357
4356
4355
4354
4353
4348
4347
4343
4342
4341
4338
4337
4336
4335
4334
4329
4322
4321
4320
4319
4318
4316
4315
4311
4310
4307
4306
4303
4301
4295
4294
4293
4292
4291
4289
4288
4286
4282
4280
4279
4278
4271
4268
4261
4252
4251
4250
4249
4247
4245
4244
4242
4234
4233
4231
4229
4228
4224
4221
4220
4214
4210
4208
4203
4201
4200
4198
4193
4192
4191
4190
4189
4188
4187
4184
4183
4182
4179
4178
4177
4176
4175
4174
4173
4172
4171
4167
4166
4165
4155
4153
4150
4148
4147
4146
4145
4144
4142
4141
4139
4138
4137
4135
4134
4122
4121
4117
4108
4103
4102
4099
4094
4093
4090
4089
4088
4083
4082
4081
4080
4079
4078
4074
4073
4064
4061
4060
4059
4058
4057
4056
4055
4052
4051
4050
4049
4045
4044
4043
4035
4034
4033
4032
4026
4025
4024
4023
4022
4020
4019
4018
4017
4016
4015
4013
4011
4006
4005
4004
4003
3998
3997
3996
3994
3993
3992
3991
3990
3988
3987
3986
3984
3980
3979
3978
3976
3975
3973
3971
3970
3969
3968
3963
3956
3955
3954
3951
3950
3949
3948
3947
3942
3941
3940
3939
3938
3937
3935
3934
3933
3932
3931
3930
3929
3928
3927
3926
3925
3923
3920
3919
3918
3917
3916
3911
3910
3909
3908
3907
3904
3900
3899
3898
3897
3896
3894
3893
3892
3889
3888
3887
3886
3884
3883
3881
3880
3879
3878
3877
3876
3875
3874
3873
3872
3871
3869
3867
3866
3865
3864
3863
3862
3861
3860
3859
3858
3857
3856
3855
3854
3850
3845
3844
3843
3842
3841
3840
3839
3837
3836
3835
3834
3833
3832
3830
3829
3827
3826
3825
3821
3819
3818
3815
3804
3803
3802
3801
3799
3798
3791
3789
3788
3787
3786
3785
3784
3783
3782
3780
3779
3778
3775
3774
3773
3772
3771
3770
3769
3768
3767
3766
3765
3764
3763
3762
3761
3755
3754
3753
3752
3751
3750
3749
3748
3746
3745
3744
3738
3737
3736
3735
3734
3733
3732
3721
3720
3719
3718
3717
3716
3712
3710
3709
3708
3707
3706
3705
3704
3690
3689
3687
3686
3685
3681
3679
3678
3677
3675
3669
3668
3667
3666
3665
3664
3662
3661
3660
3659
3647
3564
3563
3562
3561
3560
3559
3558
3557
3556
3555
3554
3553
3552
3550
3549
3548
3543
3540
3539
3538
3537
3536
3535
3534
3533
3532
3531
3530
3529
3528
3526
3525
3524
3523
3522
3519
3518
3517
3514
3513
3512
3511
3510
3509
3508
3507
3506
3505
3504
3503
3499
3498
3496
3493
3492
3491
3485
3484
3483
3482
3481
3479
3478
3477
3476
3475
3474
3471
3469
3467
3466
3465
3464
3463
3462
3460
3459
3458
3456
3454
3453
3452
3445
3443
3441
3436
3433
3430
3429
3428
3424
3423
3422
3421
3420
3417
3415
3413
3412
3411
3410
3409
3408
3407
3406
3405
3404
3403
3402
3399
3398
3397
3396
3391
3389
3387
3386
3382
3380
3379
3378
3374
3373
3372
3370
3366
3365
3364
3363
3361
3326
3324
3323
3322
3321
3320
3319
3317
3316
3315
3314
3313
3311
3309
3308
3303
3302
3301
3300
3299
3285
3284
3283
3282
3281
3280
3279
3278
3277
3276
3275
3274
3273
3267
3266
3265
3243
3242
3241
3238
3236
3235
3234
3232
3231
3230
3229
3228
3227
3226
3225
3224
3223
3222
3221
3219
3218
3217
3216
3215
3214
3213
3206
3205
3204
3203
3202
3201
3200
3198
3197
3196
3195
3193
3192
3191
3190
3184
3183
3182
3181
3180
3175
3174
3173
3172
3171
3170
3169
3168
3163
3160
3159
3158
3157
3155
3154
3150
3149
3148
3147
3146
3125
3120
3080
3070
3069
3068
3033
3032
3029
3020
3019
3017
3015
3014
3012
3000
2998
2996
2995
2994
2988
2987
2986
2985
2984
2978
2977
2976
2975
2974
2969
2968
2967
2958
2957
2956
2955
2954
2948
2946
2945
2944
2943
2942
2941
2940
2939
2936
2930
2929
2928
2927
2923
2911
2908
2907
2906
2905
2904
2898
2897
2895
2894
2893
2892
2891
2890
2889
2888
2887
2886
2885
2884
2883
2878
2877
2876
2875
2874
2870
2867
2860
2851
2847
2846
2844
2839
2838
2836
2835
2834
2833
2830
2829
2828
2827
2826
2825
2824
2823
2822
2821
2820
2819
2818
2817
2816
2815
2814
2813
2812
2811
2810
2809
2808
2807
2806
2805
2804
2803
2802
2801
2800
2799
2798
2797
2796
2795
2794
2793
2792
2791
2790
2789
2788
2783
2782
2781
2780
2779
2777
2776
2774
2771
2770
2769
2768
2767
2766
2765
2757
2756
2755
2754
2753
2752
2747
2745
2744
2742
2741
2740
2738
2735
2734
2732
2731
2729
2728
2727
2726
2725
2719
2709
2707
2704
2703
2701
2697
2694
2693
2692
2689
2688
2686
2685
2682
2673
2671
2665
2664
2663
2662
2660
2659
2657
2656
2655
2654
2653
2652
2651
2648
2626
2624
2571
2569
2561
2560
2559
2558
2557
2556
2555
2554
2553
2550
2549
2548
2547
2546
2533
2531
2530
2528
2524
2523
2521
2520
2519
2517
2516
2514
2513
2511
2510
2509
2506
2505
2503
2489
2488
2487
2486
2485
2484
2483
2482
2481
2480
2479
2478
2477
2476
2475
2474
2473
2472
2471
2470
2469
2468
2467
2466
2465
2464
2463
2462
2458
2457
2456
2455
2451
2450
2449
2448
2447
2446
2440
2431
2430
2429
2428
2427
2426
2425
2424
2423
2422
2421
2420
2419
2418
2417
2416
2415
2414
2413
2412
2409
2405
2396
2395
2389
2388
2387
2385
2382
2381
2374
2365
2350
2349
2348
2341
2331
2330
2320
2319
2318
2317
2316
2315
2303
2302
2300
2297
2295
2284
2273
2272
2270
2269
2268
2253
2251
2245
2243
2241
2240
2227
2225
2223
2170
2167
2165
2163
2162
2161
2150
2146
2145
2126
2125
2124
2123
2122
2070
2068
2067
2050
2049
2048
2045
2043
2039
2032
2030
2029
2028
2027
2026
2025
2024
2020
2018
2017
2016
2015
2014
2013
2012
2011
2010
2009
2008
2007
2006
2005
1988
1984
1983
1981
1980
1978
1972
1971
1970
1958
1950
1949
1948
1947
1946
1945
1944
1943
1942
1941
1940
1939
1937
1935
1934
1933
1932
1931
1930
1922
1914
1913
1912
1910
1909
1908
1907
1906
1905
1904
1903
1902
1899
1895
1889
1887
1886
1885
1875
1874
1872
1871
1865
1859
1858
1856
1855
1854
1841
1839
1833
1824
1820
1815
1779
1778
1777
1776
1775
1774
1773
1772
1771
1770
1769
1768
1767
1766
1765
1764
1763
1762
1761
1760
1759
1754
1742
1736
1735
1730
1727
1726
1725
1723
1722
1712
1693
1691
1690
1689
1688
1687
1686
1685
1683
1682
1681
1680
1679
1678
1671
1670
1669
1668
1667
1666
1665
1664
1662
1661
1659
1658
1657
1656
1655
1654
1653
1652
1651
1650
1649
1648
1647
1646
1645
1642
1641
1637
1621
1612
1605
1596
1595
1589
1585
1581
1580
1579
1576
1570
1568
1559
1556
1555
1552
1549
1548
1547
1534
1531
1530
1529
1518
1517
1514
1509
1488
1485
1480
1468
1467
1466
1459
1458
1449
1444
1442
1439
1438
1437
1436
1427
1422
1411
1410
1403
1402
1396
1385
1384
1383
1366
1358
1357
1355
1351
1349
1348
1347
1346
1343
1341
1336
1335
1333
1330
1329
1328
1326
1325
1324
1320
1315
1314
1313
1312
1310
1309
1297
1296
1289
1288
1287
1286
1285
1284
1283
1282
1280
1279
1272
1261
1242
1218
1217
1216
1213
1198
1193
1192
1191
1190
1186
1184
1183
1182
1171
1167
1165
1164
1163
1162
1160
1158
1157
1155
1154
1148
1146
1145
1142
1141
1140
1127
1126
1123
1122
1120
1119
1114
1108
1105
1104
1103
1100
1099
1097
1085
1084
1083
1082
1081
1080
1079
1072
1071
1070
1063
1055
1054
1053
1047
1044
1042
1041
1038
1036
1035
1034
1031
1030
1028
1025
1024
1019
1011
1008
1007
1003
1002
1000
999
998
995
992
991
990
989
988
987
986
985
983
982
981
980
979
978
977
974
973
972
971
970
968
967
963
960
943
942
941
940
939
938
937
936
935
934
932
930
926
925
924
893
892
891
890
888
887
886
885
884
883
882
881
879
878
875
874
873
872
870
869
868
867
866
865
864
863
861
860
856
855
853
849
848
847
843
830
828
826
825
823
822
821
820
819
818
817
816
815
814
813
812
811
810
799
798
797
796
790
787
786
785
784
783
782
781
778
758
747
746
743
742
739
736
735
734
733
732
730
729
728
704
703
702
701
697
696
695
694
693
692
691
690
689
688
686
685
684
683
678
676
675
674
670
669
668
667
666
640
639
638
625
624
623
622
621
620
619
618
617
616
615
614
607
606
601
569
568
555
554
549
547
546
540
539
538
535
534
533
531
530
529
516
515
514
494
493
492
491
490
487
481
478
477
476
475
474
473
472
471
469
468
414
413
412
411
406
390
389
387
386
385
384
383
382
381
380
379
378
377
376
375
372
370
369
368
367
366
365
364
363
362
360
359
358
355
354
351
349
348
347
346
345
343
340
335
329
328
327
325
324
323
318
317
316
313
312
309
308
307
306
305
302
301
300
299
297
296
295
294
293
292
290
287
286
282
281
280
279
278
277
276
275
274
273
271
270
269
264
263
262
261
260
259
256
255
254
253
252
247
246
245
234
233
231
230
229
223
222
218
217
216
215
214
213
212
206
204
203
202
201
194
193
192
190
189
188
187
186
185
184
183
182
180
177
161
160
158
156
151
150
146
143
141
139
138
137
135
134
131
130
129
128
127
126
125
124
123
122
121
120
119
118
117
116
115
113
111
110
109
108
107
106
105
104
103
102
101
98
95
92
91
90
89
